146421
148948
148947
148899
149149
149118
148899
149280
148949
447730
447730
148953
Artefact
149655
591192
149137
Bubbles
148899
1322477
109506
148985
149241
148985
149120
149123
11
1267
1080
148992
149271
1066
1066
148971
Detritus
146203
146203
149023
149018
Egg/Cyst
149130
Faecal pellet
172431
1410
149037
149322
1322468
149042
157440
149112
149068
Fibers
149132
148971
149145
51
1066
345491
109921
109393
149049
163292
149054
148899
148899
163067
Phytoplankton Colony
148971
883
Pollen
558
149168
345513
109553
110247
149151
Remnant
149069
149069
14260
149073
591190
149630
162681
591199
148904
732976
163780
149170
836581
148969
494057
840626
51
Zooplankton
162969
